
Homography=
[1, 2.266665820024308e-017, -4.50209092714157e-014;
  4.523867462761492e-016, 1, -3.046815376315486e-013;
  1.141071464962161e-019, 4.910060303483725e-020, 1]
Homography=
[1, 2.266665820024308e-017, -4.50209092714157e-014;
  4.523867462761492e-016, 1, -3.046815376315486e-013;
  1.141071464962161e-019, 4.910060303483725e-020, 1]
Homography=
[1, 2.266665820024308e-017, -4.50209092714157e-014;
  4.523867462761492e-016, 1, -3.046815376315486e-013;
  1.141071464962161e-019, 4.910060303483725e-020, 1]
Homography=
[1, 2.266665820024308e-017, -4.50209092714157e-014;
  4.523867462761492e-016, 1, -3.046815376315486e-013;
  1.141071464962161e-019, 4.910060303483725e-020, 1]
Homography=
[1, 2.266665820024308e-017, -4.50209092714157e-014;
  4.523867462761492e-016, 1, -3.046815376315486e-013;
  1.141071464962161e-019, 4.910060303483725e-020, 1]
Homography=
[0.9411318036074637, 0.0008902956893074084, 15.71630940959694;
  -0.09001410570313766, 0.9846153958330035, 591.8224454366856;
  -4.310127397635427e-005, -1.49014235100764e-007, 1]
Homography=
[1.037797842679229, -0.003737092754158052, -11.82371728508647;
  0.08367281100900163, 1.011533050159492, 526.9707177596296;
  4.037998622452795e-005, -7.466051806343409e-006, 1]
Homography=
[0.9617052435278347, 0.002799585174591618, 9.329908962836138;
  -0.01739659763232857, 0.9995305836787147, 554.9655501251513;
  -2.73814510155328e-005, 2.760083062088073e-006, 1]
Homography=
[0.8128680300269628, -0.07260626930606935, 113.9726734688104;
  0.1051757025653585, 0.4830232313704918, 936.4178867042604;
  4.101784458107477e-005, -0.0001312486074865739, 1]
Homography=
[1.046000545190513, 0.000864063661922986, -18.01564785468048;
  0.05544310883322049, 1.03194234036882, 533.0188952542479;
  3.671269280888778e-005, -6.591626777520904e-007, 1]
Homography=
[0.9501409964157006, 0.0008173650967781774, 17.69217898653927;
  -0.06670082345588504, 0.9956294708320255, 585.1844491686492;
  -1.993913123868441e-005, -1.651806662918608e-006, 1]
Homography=
[0.9501409964157006, 0.0008173650967781774, 17.69217898653927;
  -0.06670082345588504, 0.9956294708320255, 585.1844491686492;
  -1.993913123868441e-005, -1.651806662918608e-006, 1]
Homography=
[0.9501409964157006, 0.0008173650967781774, 17.69217898653927;
  -0.06670082345588504, 0.9956294708320255, 585.1844491686492;
  -1.993913123868441e-005, -1.651806662918608e-006, 1]
Homography=
[0.9995043256618593, -8.761296228822481e-005, 0.04561584924622741;
  -9.047528956531649e-005, -0.9988058844441824, 1748.224359216183;
  -6.902787392130502e-008, -2.991370275828425e-007, 1]
Homography=
[1.00002792415488, 0.0002822738804896303, -0.1411824682324689;
  -0.0001920218581076344, -0.9999000071218664, 1750.206925920798;
  -4.120071205193845e-008, 1.964060018437474e-007, 1]
Homography=
[1.00002792415488, 0.0002822738804896303, -0.1411824682324689;
  -0.0001920218581076344, -0.9999000071218664, 1750.206925920798;
  -4.120071205193845e-008, 1.964060018437474e-007, 1]
Homography=
[1.000593263077838, 1.173664187560648e-005, -893.5174686774548;
  0.0002674048035427853, 1.000740182939088, -0.3002827716554322;
  6.518575893066039e-007, 3.065459219172465e-008, 1]
Homography=
[1.000287343471181, -4.345785648487969e-006, -893.2347280147128;
  0.0001250610819025249, 1.00041569291896, -0.1552034384029881;
  3.298920756903293e-007, 3.581617197234667e-008, 1]
Homography=
[1.000375264294388, -2.528249549372198e-005, -893.3052950089766;
  0.0001006049869299523, 1.000566984658001, -0.1523313080091364;
  3.693402767547169e-007, 1.540135600956232e-007, 1]
Homography=
[1.000375264294388, -2.528249549372198e-005, -893.3052950089766;
  0.0001006049869299523, 1.000566984658001, -0.1523313080091364;
  3.693402767547169e-007, 1.540135600956232e-007, 1]
Homography=
[1.343589148716315, -0.0486593109278649, -673.1022117333712;
  0.1688653991138268, 1.273086197055537, -90.89088505878956;
  0.0004279777813059427, -1.435755007386271e-005, 1]
Homography=
[1.343589148716315, -0.0486593109278649, -673.1022117333712;
  0.1688653991138268, 1.273086197055537, -90.89088505878956;
  0.0004279777813059427, -1.435755007386271e-005, 1]
Homography=
[1.343589148716315, -0.0486593109278649, -673.1022117333712;
  0.1688653991138268, 1.273086197055537, -90.89088505878956;
  0.0004279777813059427, -1.435755007386271e-005, 1]
Homography=
[1.212692432983482, -0.02893187569873603, -358.6037279545752;
  0.1785160981594139, 1.132354280053613, -15.99964826402354;
  0.0004009096670233889, -5.83123615015131e-005, 1]
Homography=
[1.212692432983482, -0.02893187569873603, -358.6037279545752;
  0.1785160981594139, 1.132354280053613, -15.99964826402354;
  0.0004009096670233889, -5.83123615015131e-005, 1]
Homography=
[1.212692432983482, -0.02893187569873603, -358.6037279545752;
  0.1785160981594139, 1.132354280053613, -15.99964826402354;
  0.0004009096670233889, -5.83123615015131e-005, 1]
Homography=
[0.9991863549284743, -1.421060330087665e-005, -892.2393720544038;
  -0.0004608254674163188, 0.999587212970509, 0.3758305441406996;
  -7.214071196794289e-007, 2.306219269380544e-007, 1]
Homography=
[0.9991863549284743, -1.421060330087665e-005, -892.2393720544038;
  -0.0004608254674163188, 0.999587212970509, 0.3758305441406996;
  -7.214071196794289e-007, 2.306219269380544e-007, 1]
Homography=
[0.9991863549284743, -1.421060330087665e-005, -892.2393720544038;
  -0.0004608254674163188, 0.999587212970509, 0.3758305441406996;
  -7.214071196794289e-007, 2.306219269380544e-007, 1]
Homography=
[0.9815063163643458, -0.1907777923471993, -1114.603209951065;
  0.1906893962172407, 0.9816849821427337, -98.96654948080993;
  -1.547623641277452e-007, 2.644982712017757e-007, 1]
Homography=
[0.9797352489698694, -0.1902520832762062, -1112.481324299467;
  0.1898372695422623, 0.9803616872830041, -97.80210391305762;
  -9.616697338562688e-007, 3.57242046908004e-007, 1]
Homography=
[0.7191278700312455, 8.860932745594344e-005, -642.086275241912;
  -0.0002516750650910549, 0.7194417266777812, 247.1191091920708;
  -5.144248796692531e-007, -7.691996478918208e-008, 1]
Homography=
[0.9796914089326912, -0.190359122972468, -1112.457597382886;
  0.1900460269562997, 0.9800659612670584, -98.16766487288879;
  -9.694397349440675e-007, 6.869389714883632e-008, 1]
Homography=
[0.9827350486175154, -0.1912420154917144, -1115.882369581343;
  0.19152225629148, 0.9824624126499901, -99.86030241319163;
  7.931274522522865e-007, -2.483413729029312e-007, 1]
Homography=
[0.9821708403930197, -0.1906390401701381, -1115.580273500729;
  0.1908242241032674, 0.9818862527208424, -98.92178913587752;
  5.363505622273522e-008, 4.589733737573368e-007, 0.9999999999999999]
Homography=
[1.176460788725226, -0.01723358890573443, -352.2195906864116;
  0.1455793118214516, 1.102821066104153, -2.167630951498846;
  0.0003354194928853499, -5.665065105727546e-005, 1]
Homography=
[1.222256629128834, -0.02915075149965496, -362.3387860838093;
  0.1810608459149394, 1.137804073674169, -17.18651414993433;
  0.000406400079200087, -5.272961697700856e-005, 1]
Homography=
[0.9998186903214866, -3.256417785282216e-005, -892.8011803436096;
  -6.853416389817126e-005, 0.9997906012731893, 343.0969769371873;
  -6.577478523036479e-008, -5.710739375079172e-008, 1]
Homography=
[0.9796914089326912, -0.190359122972468, -1112.457597382886;
  0.1900460269562997, 0.9800659612670584, -98.16766487288879;
  -9.694397349440675e-007, 6.869389714883632e-008, 1]
Homography=
[0.9796914089326912, -0.190359122972468, -1112.457597382886;
  0.1900460269562997, 0.9800659612670584, -98.16766487288879;
  -9.694397349440675e-007, 6.869389714883632e-008, 1]
Homography=
[0.9796914089326912, -0.190359122972468, -1112.457597382886;
  0.1900460269562997, 0.9800659612670584, -98.16766487288879;
  -9.694397349440675e-007, 6.869389714883632e-008, 1]
Homography=
[0.9796914089326912, -0.190359122972468, -1112.457597382886;
  0.1900460269562997, 0.9800659612670584, -98.16766487288879;
  -9.694397349440675e-007, 6.869389714883632e-008, 1]
Homography=
[0.9796914089326912, -0.190359122972468, -1112.457597382886;
  0.1900460269562997, 0.9800659612670584, -98.16766487288879;
  -9.694397349440675e-007, 6.869389714883632e-008, 1]
Homography=
[0.9796914089326912, -0.190359122972468, -1112.457597382886;
  0.1900460269562997, 0.9800659612670584, -98.16766487288879;
  -9.694397349440675e-007, 6.869389714883632e-008, 1]
Homography=
[0.9860909272687675, -0.1915555320151936, -1120.176185804644;
  0.1925601386739642, 0.9851875462999292, -101.1061059235471;
  2.143883092469718e-006, 3.58511211545704e-007, 1]
Homography=
[0.9860909272687675, -0.1915555320151936, -1120.176185804644;
  0.1925601386739642, 0.9851875462999292, -101.1061059235471;
  2.143883092469718e-006, 3.58511211545704e-007, 1]
Homography=
[0.9832824107963435, -0.1910106400669689, -1116.85123638854;
  0.1913287571305604, 0.9827421440245938, -99.61667116622893;
  7.144073463804732e-007, 9.342635266183345e-008, 1]
Homography=
[0.9832824107963435, -0.1910106400669689, -1116.85123638854;
  0.1913287571305604, 0.9827421440245938, -99.61667116622893;
  7.144073463804732e-007, 9.342635266183345e-008, 1]
Homography=
[0.9832824107963435, -0.1910106400669689, -1116.85123638854;
  0.1913287571305604, 0.9827421440245938, -99.61667116622893;
  7.144073463804732e-007, 9.342635266183345e-008, 1]
Homography=
[0.9832824107963435, -0.1910106400669689, -1116.85123638854;
  0.1913287571305604, 0.9827421440245938, -99.61667116622893;
  7.144073463804732e-007, 9.342635266183345e-008, 1]
Homography=
[0.9832824107963435, -0.1910106400669689, -1116.85123638854;
  0.1913287571305604, 0.9827421440245938, -99.61667116622893;
  7.144073463804732e-007, 9.342635266183345e-008, 1]
Homography=
[0.9996247541251434, 3.25845895430572e-006, -892.6566631703771;
  -5.386407238975817e-005, 0.9996896214580078, 0.05606221648919769;
  -3.06089313277747e-007, 2.334698659323123e-009, 1]
Homography=
[0.9997731587156541, 2.212574539347003e-005, -892.7735591493826;
  -3.112033845328555e-005, 1.000063980585114, 0.003810709837226088;
  -2.454008843220779e-008, 5.187300752158797e-008, 1]
Homography=
[0.9996375800818913, -1.872984527780338e-005, -892.65193213437;
  -0.0001943028388419587, 0.9998488232572117, 0.1493669662659287;
  -2.846545952435374e-007, 8.341089335750778e-008, 1]
Homography=
[0.9996375800818913, -1.872984527780338e-005, -892.65193213437;
  -0.0001943028388419587, 0.9998488232572117, 0.1493669662659287;
  -2.846545952435374e-007, 8.341089335750778e-008, 1]
Homography=
[0.6962770201214621, 0.1002662907080326, -362.7552361589611;
  -0.3614078705915645, 0.7235378529875697, 220.1414651809587;
  -0.0004000675600430761, -2.029656609679439e-005, 1]
Homography=
[0.6962770201214621, 0.1002662907080326, -362.7552361589611;
  -0.3614078705915645, 0.7235378529875697, 220.1414651809587;
  -0.0004000675600430761, -2.029656609679439e-005, 1]